 Magnetization is along  0.0000  0.0000  1.0000 direction
blebleble                                s-o calc. M||  0.00  0.00  1.00        
  ATOMIC POSITIONS:
    1     4.09383199    -2.36357500     0.00000000
    2     0.00000000     4.72715000     0.00000000
    3     4.09383199     2.36357500     0.00000000
    4     0.00000000     0.00000000     0.00000000
    5     2.72922130     4.72715005     3.83141975
    6     5.45844268    -0.00000005     3.83141975
    7     5.45844268    -0.00000005    11.49425925
    8     2.72922130     4.72715005    11.49425925
    9     0.00000000     0.00000000     7.66283950
   10     4.09383199    -2.36357500     7.66283950
   11     0.00000000     4.72715000     7.66283950
   12     4.09383199     2.36357500     7.66283950
 PGLSYM: THE CRYSTAL SYSTEM IS HEXAGONAL   
 PGLSYM: ORDER OF LATTICE POINT GROUP (NO BASE) =            24
 PGBSYM: ORDER OF LATTICE SPACE GROUP (WITH BASE) =          24
 PGBSYM: SPACE GROUP IS SYMMORPHIC
 PGBSYM: SPACE GROUP CONTAINS INVERSION
 Symmetry operation           1
       -1.00000        0.00000        0.00000
        0.00000        1.00000        0.00000
        0.00000        0.00000       -1.00000
        0.00000        0.00000        0.00000
   -1.0000    0.0000    0.0000    0.0000
   -1.0000    1.0000    0.0000    0.0000
    0.0000    0.0000   -1.0000    0.0000
           this is operation          15   in struct file
 Symmetry operation           2
       -1.00000        0.00000        0.00000
        0.00000        1.00000        0.00000
        0.00000        0.00000        1.00000
        0.00000        0.00000        0.00000
   -1.0000    0.0000    0.0000    0.0000
   -1.0000    1.0000    0.0000    0.0000
    0.0000    0.0000    1.0000    0.0000
           this is operation          24   in struct file
 Symmetry operation           3
       -0.50000       -0.86603        0.00000
        0.86603       -0.50000        0.00000
        0.00000        0.00000       -1.00000
        0.00000        0.00000        0.00000
   -1.0000    1.0000    0.0000    0.0000
   -1.0000    0.0000    0.0000    0.0000
    0.0000    0.0000   -1.0000    0.0000
           this is operation          12   in struct file
 Symmetry operation           4
       -0.50000       -0.86603        0.00000
        0.86603       -0.50000        0.00000
        0.00000        0.00000        1.00000
        0.00000        0.00000        0.00000
   -1.0000    1.0000    0.0000    0.0000
   -1.0000    0.0000    0.0000    0.0000
    0.0000    0.0000    1.0000    0.0000
           this is operation           3   in struct file
 Symmetry operation           5
       -1.00000        0.00000        0.00000
        0.00000       -1.00000        0.00000
        0.00000        0.00000       -1.00000
        0.00000        0.00000        0.00000
   -1.0000    0.0000    0.0000    0.0000
   -0.0000   -1.0000    0.0000    0.0000
    0.0000    0.0000   -1.0000    0.0000
           this is operation           7   in struct file
 Symmetry operation           6
       -1.00000        0.00000        0.00000
        0.00000       -1.00000        0.00000
        0.00000        0.00000        1.00000
        0.00000        0.00000        0.00000
   -1.0000    0.0000    0.0000    0.0000
   -0.0000   -1.0000    0.0000    0.0000
    0.0000    0.0000    1.0000    0.0000
           this is operation           4   in struct file
 Symmetry operation           7
       -0.50000        0.86603        0.00000
        0.86603        0.50000        0.00000
        0.00000        0.00000       -1.00000
        0.00000        0.00000        0.00000
   -1.0000    1.0000    0.0000    0.0000
    0.0000    1.0000    0.0000    0.0000
    0.0000    0.0000   -1.0000    0.0000
           this is operation          17   in struct file
 Symmetry operation           8
       -0.50000        0.86603        0.00000
        0.86603        0.50000        0.00000
        0.00000        0.00000        1.00000
        0.00000        0.00000        0.00000
   -1.0000    1.0000    0.0000    0.0000
    0.0000    1.0000    0.0000    0.0000
    0.0000    0.0000    1.0000    0.0000
           this is operation          20   in struct file
 Symmetry operation           9
       -0.50000       -0.86603        0.00000
       -0.86603        0.50000        0.00000
        0.00000        0.00000       -1.00000
        0.00000       -0.00000        0.00000
    0.0000   -1.0000    0.0000    0.0000
   -1.0000   -0.0000    0.0000   -0.0000
    0.0000    0.0000   -1.0000    0.0000
           this is operation          16   in struct file
 Symmetry operation          10
       -0.50000       -0.86603        0.00000
       -0.86603        0.50000        0.00000
        0.00000        0.00000        1.00000
        0.00000       -0.00000        0.00000
    0.0000   -1.0000    0.0000    0.0000
   -1.0000   -0.0000    0.0000   -0.0000
    0.0000    0.0000    1.0000    0.0000
           this is operation          19   in struct file
 Symmetry operation          11
        0.50000       -0.86603        0.00000
        0.86603        0.50000        0.00000
        0.00000        0.00000       -1.00000
        0.00000       -0.00000        0.00000
   -0.0000    1.0000    0.0000    0.0000
   -1.0000    1.0000    0.0000   -0.0000
    0.0000    0.0000   -1.0000    0.0000
           this is operation           8   in struct file
 Symmetry operation          12
        0.50000       -0.86603        0.00000
        0.86603        0.50000        0.00000
        0.00000        0.00000        1.00000
        0.00000       -0.00000        0.00000
   -0.0000    1.0000    0.0000    0.0000
   -1.0000    1.0000    0.0000   -0.0000
    0.0000    0.0000    1.0000    0.0000
           this is operation           5   in struct file
 Symmetry operation          13
       -0.50000        0.86603        0.00000
       -0.86603       -0.50000        0.00000
        0.00000        0.00000       -1.00000
        0.00000        0.00000        0.00000
    0.0000   -1.0000    0.0000    0.0000
    1.0000   -1.0000    0.0000    0.0000
    0.0000    0.0000   -1.0000    0.0000
           this is operation          11   in struct file
 Symmetry operation          14
       -0.50000        0.86603        0.00000
       -0.86603       -0.50000        0.00000
        0.00000        0.00000        1.00000
        0.00000        0.00000        0.00000
    0.0000   -1.0000    0.0000    0.0000
    1.0000   -1.0000    0.0000    0.0000
    0.0000    0.0000    1.0000    0.0000
           this is operation           2   in struct file
 Symmetry operation          15
        0.50000        0.86603        0.00000
        0.86603       -0.50000        0.00000
        0.00000        0.00000       -1.00000
        0.00000        0.00000        0.00000
   -0.0000    1.0000    0.0000    0.0000
    1.0000    0.0000    0.0000    0.0000
    0.0000    0.0000   -1.0000    0.0000
           this is operation          13   in struct file
 Symmetry operation          16
        0.50000        0.86603        0.00000
        0.86603       -0.50000        0.00000
        0.00000        0.00000        1.00000
        0.00000        0.00000        0.00000
   -0.0000    1.0000    0.0000    0.0000
    1.0000    0.0000    0.0000    0.0000
    0.0000    0.0000    1.0000    0.0000
           this is operation          22   in struct file
 Symmetry operation          17
        0.50000       -0.86603        0.00000
       -0.86603       -0.50000        0.00000
        0.00000        0.00000       -1.00000
        0.00000        0.00000        0.00000
    1.0000   -1.0000    0.0000    0.0000
    0.0000   -1.0000    0.0000    0.0000
    0.0000    0.0000   -1.0000    0.0000
           this is operation          14   in struct file
 Symmetry operation          18
        0.50000       -0.86603        0.00000
       -0.86603       -0.50000        0.00000
        0.00000        0.00000        1.00000
        0.00000        0.00000        0.00000
    1.0000   -1.0000    0.0000    0.0000
    0.0000   -1.0000    0.0000    0.0000
    0.0000    0.0000    1.0000    0.0000
           this is operation          23   in struct file
 Symmetry operation          19
        1.00000        0.00000        0.00000
        0.00000        1.00000        0.00000
        0.00000        0.00000       -1.00000
        0.00000        0.00000        0.00000
    1.0000    0.0000    0.0000    0.0000
    0.0000    1.0000    0.0000    0.0000
    0.0000    0.0000   -1.0000    0.0000
           this is operation          10   in struct file
 Symmetry operation          20
        1.00000        0.00000        0.00000
        0.00000        1.00000        0.00000
        0.00000        0.00000        1.00000
        0.00000        0.00000        0.00000
    1.0000    0.0000    0.0000    0.0000
    0.0000    1.0000    0.0000    0.0000
    0.0000    0.0000    1.0000    0.0000
           this is operation           1   in struct file
 Symmetry operation          21
        0.50000        0.86603        0.00000
       -0.86603        0.50000        0.00000
        0.00000        0.00000       -1.00000
        0.00000       -0.00000        0.00000
    1.0000   -1.0000    0.0000    0.0000
    1.0000   -0.0000    0.0000   -0.0000
    0.0000    0.0000   -1.0000    0.0000
           this is operation           9   in struct file
 Symmetry operation          22
        0.50000        0.86603        0.00000
       -0.86603        0.50000        0.00000
        0.00000        0.00000        1.00000
        0.00000       -0.00000        0.00000
    1.0000   -1.0000    0.0000    0.0000
    1.0000   -0.0000    0.0000   -0.0000
    0.0000    0.0000    1.0000    0.0000
           this is operation           6   in struct file
 Symmetry operation          23
        1.00000        0.00000        0.00000
        0.00000       -1.00000        0.00000
        0.00000        0.00000       -1.00000
        0.00000        0.00000        0.00000
    1.0000    0.0000    0.0000    0.0000
    1.0000   -1.0000    0.0000    0.0000
    0.0000    0.0000   -1.0000    0.0000
           this is operation          18   in struct file
 Symmetry operation          24
        1.00000        0.00000        0.00000
        0.00000       -1.00000        0.00000
        0.00000        0.00000        1.00000
        0.00000        0.00000        0.00000
    1.0000    0.0000    0.0000    0.0000
    1.0000   -1.0000    0.0000    0.0000
    0.0000    0.0000    1.0000    0.0000
           this is operation          21   in struct file
  LATSYM done
blebleble                               
H                            5 191 
             RELA
  9.454300  9.454300 15.325679 90.000000 90.000000120.000000
      -1    0.50000000   0.00000000   0.00000000
                3                  8
      -1    0.00000000   0.50000000   0.00000000
      -1    0.50000000   0.50000000   0.00000000
Fe1        NPT=  781  R0=.000050000 RMT=   2.35000   Z:  26.00000
                      0.866025  0.500000  0.000000
                     -0.500000  0.866025  0.000000
                      0.000000  0.000000  1.000000
      -2    0.00000000   0.00000000   0.00000000
                1                  4
Ge1        NPT=  781  R0=.000050000 RMT=   2.28000   Z:  32.00000
                      1.000000  0.000000  0.000000
                      0.000000  1.000000  0.000000
                      0.000000  0.000000  1.000000
      -3    0.33333333   0.66666667   0.25000000
                4                  4
      -3    0.66666667   0.33333333   0.25000000
      -3    0.66666667   0.33333333   0.75000000
      -3    0.33333333   0.66666667   0.75000000
Ge2        NPT=  781  R0=.000050000 RMT=   2.28000   Z:  32.00000
                      1.000000  0.000000  0.000000
                      0.000000  1.000000  0.000000
                      0.000000  0.000000  1.000000
      -4    0.00000000   0.00000000   0.50000000
                1                  4
Ge3        NPT=  781  R0=.000050000 RMT=   2.28000   Z:  32.00000
                      1.000000  0.000000  0.000000
                      0.000000  1.000000  0.000000
                      0.000000  0.000000  1.000000
      -5    0.50000000   0.00000000   0.50000000
                3                  8
      -5    0.00000000   0.50000000   0.50000000
      -5    0.50000000   0.50000000   0.50000000
Fe2        NPT=  781  R0=.000050000 RMT=   2.35000   Z:  26.00000
                      0.866025  0.500000  0.000000
                     -0.500000  0.866025  0.000000
                      0.000000  0.000000  1.000000
 THETA, PHI  0.000000000000000E+000  0.000000000000000E+000
 SPIN COORD SYSTEM:
    1.000000    0.000000    0.000000
    0.000000    1.000000    0.000000
    0.000000    0.000000    1.000000
    1.000000    0.000000    0.000000
    0.000000    1.000000    0.000000
    0.000000    0.000000    1.000000
  BR1
    0.767397    0.383698    0.000000
    0.000000    0.664585    0.000000
    0.000000    0.000000    0.409978
  BR1inv
    1.303107   -0.752349    0.000000
    0.000000    1.504699    0.000000
    0.000000    0.000000    2.439158
 ****SYMMETRY OPERATION            1
 in global cartesian coordinate system:
    1.000000    0.000000    0.000000
    0.000000    1.000000    0.000000
    0.000000    0.000000    1.000000
 
 in spin coordinate system:
    1.000000    0.000000    0.000000
    0.000000    1.000000    0.000000
    0.000000    0.000000    1.000000
 
 ****SYMMETRY OPERATION            2
 in global cartesian coordinate system:
   -0.500000    0.866025    0.000000
   -0.866025   -0.500000    0.000000
    0.000000    0.000000    1.000000
 
 in spin coordinate system:
   -0.500000    0.866025    0.000000
   -0.866025   -0.500000    0.000000
    0.000000    0.000000    1.000000
 
 ****SYMMETRY OPERATION            3
 in global cartesian coordinate system:
   -0.500000   -0.866025    0.000000
    0.866025   -0.500000    0.000000
    0.000000    0.000000    1.000000
 
 in spin coordinate system:
   -0.500000   -0.866025    0.000000
    0.866025   -0.500000    0.000000
    0.000000    0.000000    1.000000
 
 ****SYMMETRY OPERATION            4
 in global cartesian coordinate system:
   -1.000000    0.000000    0.000000
    0.000000   -1.000000    0.000000
    0.000000    0.000000    1.000000
 
 in spin coordinate system:
   -1.000000    0.000000    0.000000
    0.000000   -1.000000    0.000000
    0.000000    0.000000    1.000000
 
 ****SYMMETRY OPERATION            5
 in global cartesian coordinate system:
    0.500000   -0.866025    0.000000
    0.866025    0.500000    0.000000
    0.000000    0.000000    1.000000
 
 in spin coordinate system:
    0.500000   -0.866025    0.000000
    0.866025    0.500000    0.000000
    0.000000    0.000000    1.000000
 
 ****SYMMETRY OPERATION            6
 in global cartesian coordinate system:
    0.500000    0.866025    0.000000
   -0.866025    0.500000    0.000000
    0.000000    0.000000    1.000000
 
 in spin coordinate system:
    0.500000    0.866025    0.000000
   -0.866025    0.500000    0.000000
    0.000000    0.000000    1.000000
 
 ****SYMMETRY OPERATION            7
 in global cartesian coordinate system:
   -1.000000    0.000000    0.000000
    0.000000   -1.000000    0.000000
    0.000000    0.000000   -1.000000
 
 in spin coordinate system:
   -1.000000    0.000000    0.000000
    0.000000   -1.000000    0.000000
    0.000000    0.000000   -1.000000
 
 ****SYMMETRY OPERATION            8
 in global cartesian coordinate system:
    0.500000   -0.866025    0.000000
    0.866025    0.500000    0.000000
    0.000000    0.000000   -1.000000
 
 in spin coordinate system:
    0.500000   -0.866025    0.000000
    0.866025    0.500000    0.000000
    0.000000    0.000000   -1.000000
 
 ****SYMMETRY OPERATION            9
 in global cartesian coordinate system:
    0.500000    0.866025    0.000000
   -0.866025    0.500000    0.000000
    0.000000    0.000000   -1.000000
 
 in spin coordinate system:
    0.500000    0.866025    0.000000
   -0.866025    0.500000    0.000000
    0.000000    0.000000   -1.000000
 
 ****SYMMETRY OPERATION           10
 in global cartesian coordinate system:
    1.000000    0.000000    0.000000
    0.000000    1.000000    0.000000
    0.000000    0.000000   -1.000000
 
 in spin coordinate system:
    1.000000    0.000000    0.000000
    0.000000    1.000000    0.000000
    0.000000    0.000000   -1.000000
 
 ****SYMMETRY OPERATION           11
 in global cartesian coordinate system:
   -0.500000    0.866025    0.000000
   -0.866025   -0.500000    0.000000
    0.000000    0.000000   -1.000000
 
 in spin coordinate system:
   -0.500000    0.866025    0.000000
   -0.866025   -0.500000    0.000000
    0.000000    0.000000   -1.000000
 
 ****SYMMETRY OPERATION           12
 in global cartesian coordinate system:
   -0.500000   -0.866025    0.000000
    0.866025   -0.500000    0.000000
    0.000000    0.000000   -1.000000
 
 in spin coordinate system:
   -0.500000   -0.866025    0.000000
    0.866025   -0.500000    0.000000
    0.000000    0.000000   -1.000000
 
 ****SYMMETRY OPERATION           13
 in global cartesian coordinate system:
    0.500000    0.866025    0.000000
    0.866025   -0.500000    0.000000
    0.000000    0.000000   -1.000000
 
 in spin coordinate system:
    0.500000    0.866025    0.000000
    0.866025   -0.500000    0.000000
    0.000000    0.000000   -1.000000
 
 ****SYMMETRY OPERATION           14
 in global cartesian coordinate system:
    0.500000   -0.866025    0.000000
   -0.866025   -0.500000    0.000000
    0.000000    0.000000   -1.000000
 
 in spin coordinate system:
    0.500000   -0.866025    0.000000
   -0.866025   -0.500000    0.000000
    0.000000    0.000000   -1.000000
 
 ****SYMMETRY OPERATION           15
 in global cartesian coordinate system:
   -1.000000    0.000000    0.000000
    0.000000    1.000000    0.000000
    0.000000    0.000000   -1.000000
 
 in spin coordinate system:
   -1.000000    0.000000    0.000000
    0.000000    1.000000    0.000000
    0.000000    0.000000   -1.000000
 
 ****SYMMETRY OPERATION           16
 in global cartesian coordinate system:
   -0.500000   -0.866025    0.000000
   -0.866025    0.500000    0.000000
    0.000000    0.000000   -1.000000
 
 in spin coordinate system:
   -0.500000   -0.866025    0.000000
   -0.866025    0.500000    0.000000
    0.000000    0.000000   -1.000000
 
 ****SYMMETRY OPERATION           17
 in global cartesian coordinate system:
   -0.500000    0.866025    0.000000
    0.866025    0.500000    0.000000
    0.000000    0.000000   -1.000000
 
 in spin coordinate system:
   -0.500000    0.866025    0.000000
    0.866025    0.500000    0.000000
    0.000000    0.000000   -1.000000
 
 ****SYMMETRY OPERATION           18
 in global cartesian coordinate system:
    1.000000    0.000000    0.000000
    0.000000   -1.000000    0.000000
    0.000000    0.000000   -1.000000
 
 in spin coordinate system:
    1.000000    0.000000    0.000000
    0.000000   -1.000000    0.000000
    0.000000    0.000000   -1.000000
 
 ****SYMMETRY OPERATION           19
 in global cartesian coordinate system:
   -0.500000   -0.866025    0.000000
   -0.866025    0.500000    0.000000
    0.000000    0.000000    1.000000
 
 in spin coordinate system:
   -0.500000   -0.866025    0.000000
   -0.866025    0.500000    0.000000
    0.000000    0.000000    1.000000
 
 ****SYMMETRY OPERATION           20
 in global cartesian coordinate system:
   -0.500000    0.866025    0.000000
    0.866025    0.500000    0.000000
    0.000000    0.000000    1.000000
 
 in spin coordinate system:
   -0.500000    0.866025    0.000000
    0.866025    0.500000    0.000000
    0.000000    0.000000    1.000000
 
 ****SYMMETRY OPERATION           21
 in global cartesian coordinate system:
    1.000000    0.000000    0.000000
    0.000000   -1.000000    0.000000
    0.000000    0.000000    1.000000
 
 in spin coordinate system:
    1.000000    0.000000    0.000000
    0.000000   -1.000000    0.000000
    0.000000    0.000000    1.000000
 
 ****SYMMETRY OPERATION           22
 in global cartesian coordinate system:
    0.500000    0.866025    0.000000
    0.866025   -0.500000    0.000000
    0.000000    0.000000    1.000000
 
 in spin coordinate system:
    0.500000    0.866025    0.000000
    0.866025   -0.500000    0.000000
    0.000000    0.000000    1.000000
 
 ****SYMMETRY OPERATION           23
 in global cartesian coordinate system:
    0.500000   -0.866025    0.000000
   -0.866025   -0.500000    0.000000
    0.000000    0.000000    1.000000
 
 in spin coordinate system:
    0.500000   -0.866025    0.000000
   -0.866025   -0.500000    0.000000
    0.000000    0.000000    1.000000
 
 ****SYMMETRY OPERATION           24
 in global cartesian coordinate system:
   -1.000000    0.000000    0.000000
    0.000000    1.000000    0.000000
    0.000000    0.000000    1.000000
 
 in spin coordinate system:
   -1.000000    0.000000    0.000000
    0.000000    1.000000    0.000000
    0.000000    0.000000    1.000000
 
  symmetry operation           1
   1   0   0
   0   1   0
   0   0   1
  operation type A preserve M direction

  symmetry operation           2
   0   1   0
  -1  -1   0
   0   0   1
  operation type A preserve M direction

  symmetry operation           3
  -1  -1   0
   1   0   0
   0   0   1
  operation type A preserve M direction

  symmetry operation           4
  -1   0   0
   0  -1   0
   0   0   1
  operation type A preserve M direction

  symmetry operation           5
   0  -1   0
   1   1   0
   0   0   1
  operation type A preserve M direction

  symmetry operation           6
   1   1   0
  -1   0   0
   0   0   1
  operation type A preserve M direction

  symmetry operation           7
  -1   0   0
   0  -1   0
   0   0  -1
  operation type A preserve M direction

  symmetry operation           8
   0  -1   0
   1   1   0
   0   0  -1
  operation type A preserve M direction

  symmetry operation           9
   1   1   0
  -1   0   0
   0   0  -1
  operation type A preserve M direction

  symmetry operation          10
   1   0   0
   0   1   0
   0   0  -1
  operation type A preserve M direction

  symmetry operation          11
   0   1   0
  -1  -1   0
   0   0  -1
  operation type A preserve M direction

  symmetry operation          12
  -1  -1   0
   1   0   0
   0   0  -1
  operation type A preserve M direction

  symmetry operation          13
   0   1   0
   1   0   0
   0   0  -1
  operation type B *(time inv.) preserve M direction

  symmetry operation          14
   1   0   0
  -1  -1   0
   0   0  -1
  operation type B *(time inv.) preserve M direction

  symmetry operation          15
  -1  -1   0
   0   1   0
   0   0  -1
  operation type B *(time inv.) preserve M direction

  symmetry operation          16
   0  -1   0
  -1   0   0
   0   0  -1
  operation type B *(time inv.) preserve M direction

  symmetry operation          17
  -1   0   0
   1   1   0
   0   0  -1
  operation type B *(time inv.) preserve M direction

  symmetry operation          18
   1   1   0
   0  -1   0
   0   0  -1
  operation type B *(time inv.) preserve M direction

  symmetry operation          19
   0  -1   0
  -1   0   0
   0   0   1
  operation type B *(time inv.) preserve M direction

  symmetry operation          20
  -1   0   0
   1   1   0
   0   0   1
  operation type B *(time inv.) preserve M direction

  symmetry operation          21
   1   1   0
   0  -1   0
   0   0   1
  operation type B *(time inv.) preserve M direction

  symmetry operation          22
   0   1   0
   1   0   0
   0   0   1
  operation type B *(time inv.) preserve M direction

  symmetry operation          23
   1   0   0
  -1  -1   0
   0   0   1
  operation type B *(time inv.) preserve M direction

  symmetry operation          24
  -1  -1   0
   0   1   0
   0   0   1
  operation type B *(time inv.) preserve M direction

 atom   1 not equivalent, new set    1
 atom   2 equiv. set  1 oper.  2
 atom   3 equiv. set  1 oper.  3
 atom   4 not equivalent, new set    2
 atom   5 not equivalent, new set    3
 atom   6 equiv. set  3 oper.  4
 atom   7 equiv. set  3 oper.  7
 atom   8 equiv. set  3 oper. 10
 atom   9 not equivalent, new set    4
 atom  10 not equivalent, new set    5
 atom  11 equiv. set  5 oper.  2
 atom  12 equiv. set  5 oper.  3
 j ind2,ieq   1   1   1
 j ind2,ieq   2   2   1
 j ind2,ieq   3   3   1
 j ind2,ieq   4   4   1
 j ind2,ieq   5   5   1
 natso=   5
 multso   3   1   4   1   3
 ieq   1   1   1   1   1
  jatom,ind1,ind2           1           1           1
  rotloc             rotij              rotlso
  0.8660  0.5000  0.0000     1.0000  0.0000  0.0000     0.8660  0.5000  0.0000
 -0.5000  0.8660  0.0000     0.0000  1.0000  0.0000    -0.5000  0.8660  0.0000
  0.0000  0.0000  1.0000     0.0000  0.0000  1.0000     0.0000  0.0000  1.0000
  jatom,ind1,ind2           2           4           2
  rotloc             rotij              rotlso
  1.0000  0.0000  0.0000     1.0000  0.0000  0.0000     1.0000  0.0000  0.0000
  0.0000  1.0000  0.0000     0.0000  1.0000  0.0000     0.0000  1.0000  0.0000
  0.0000  0.0000  1.0000     0.0000  0.0000  1.0000     0.0000  0.0000  1.0000
  jatom,ind1,ind2           3           5           3
  rotloc             rotij              rotlso
  1.0000  0.0000  0.0000     1.0000  0.0000  0.0000     1.0000  0.0000  0.0000
  0.0000  1.0000  0.0000     0.0000  1.0000  0.0000     0.0000  1.0000  0.0000
  0.0000  0.0000  1.0000     0.0000  0.0000  1.0000     0.0000  0.0000  1.0000
  jatom,ind1,ind2           4           9           4
  rotloc             rotij              rotlso
  1.0000  0.0000  0.0000     1.0000  0.0000  0.0000     1.0000  0.0000  0.0000
  0.0000  1.0000  0.0000     0.0000  1.0000  0.0000     0.0000  1.0000  0.0000
  0.0000  0.0000  1.0000     0.0000  0.0000  1.0000     0.0000  0.0000  1.0000
  jatom,ind1,ind2           5          10           5
  rotloc             rotij              rotlso
  0.8660  0.5000  0.0000     1.0000  0.0000  0.0000     0.8660  0.5000  0.0000
 -0.5000  0.8660  0.0000     0.0000  1.0000  0.0000    -0.5000  0.8660  0.0000
  0.0000  0.0000  1.0000     0.0000  0.0000  1.0000     0.0000  0.0000  1.0000
 so. oper.   1 orig.   1 type   A
 so. oper.   2 orig.   2 type   A
 so. oper.   3 orig.   3 type   A
 so. oper.   4 orig.   4 type   A
 so. oper.   5 orig.   5 type   A
 so. oper.   6 orig.   6 type   A
 so. oper.   7 orig.   7 type   A
 so. oper.   8 orig.   8 type   A
 so. oper.   9 orig.   9 type   A
 so. oper.  10 orig.  10 type   A
 so. oper.  11 orig.  11 type   A
 so. oper.  12 orig.  12 type   A
  number of A-type operations=          12
 so. oper.  13 orig.  13 type   B
 so. oper.  14 orig.  14 type   B
 so. oper.  15 orig.  15 type   B
 so. oper.  16 orig.  16 type   B
 so. oper.  17 orig.  17 type   B
 so. oper.  18 orig.  18 type   B
 so. oper.  19 orig.  19 type   B
 so. oper.  20 orig.  20 type   B
 so. oper.  21 orig.  21 type   B
 so. oper.  22 orig.  22 type   B
 so. oper.  23 orig.  23 type   B
 so. oper.  24 orig.  24 type   B
  number of B-type operations=          12
  System has center of inversion
  Warning: clmfile          25  skipped
  Warning: clmfile          26  skipped
  Warning: clmfile          27  skipped
  Warning: clmfile          28  skipped
 Generating clm file          35
  nw     k     j         knew      rhonew              kold
 Generating clm file          36
  nw     k     j         knew      rhonew              kold
 Generating clm file          37
  nw     k     j         knew      rhonew              kold
  Warning: clmfile          39  skipped
  Warning: clmfile          40  skipped
  Warning: clmfile          71  skipped
  Warning: clmfile          72  skipped
  Warning: clmfile          73  skipped
  SYMSO done
blebleble                                s-o calc. M||  0.00  0.00  1.00        
  ATOMIC POSITIONS:
    1     4.09383199    -2.36357500     0.00000000
    2     0.00000000     4.72715000     0.00000000
    3     4.09383199     2.36357500     0.00000000
    4     0.00000000     0.00000000     0.00000000
    5     2.72922130     4.72715005     3.83141975
    6     5.45844268    -0.00000005     3.83141975
    7     5.45844268    -0.00000005    11.49425925
    8     2.72922130     4.72715005    11.49425925
    9     0.00000000     0.00000000     7.66283950
   10     4.09383199    -2.36357500     7.66283950
   11     0.00000000     4.72715000     7.66283950
   12     4.09383199     2.36357500     7.66283950
 PGLSYM: THE CRYSTAL SYSTEM IS HEXAGONAL   
 PGLSYM: ORDER OF LATTICE POINT GROUP (NO BASE) =            24
 PGBSYM: ORDER OF LATTICE SPACE GROUP (WITH BASE) =          24
 PGBSYM: SPACE GROUP IS SYMMORPHIC
 PGBSYM: SPACE GROUP CONTAINS INVERSION
 Symmetry operation           1
       -1.00000        0.00000        0.00000
        0.00000        1.00000        0.00000
        0.00000        0.00000       -1.00000
        0.00000        0.00000        0.00000
   -1.0000    0.0000    0.0000    0.0000
   -1.0000    1.0000    0.0000    0.0000
    0.0000    0.0000   -1.0000    0.0000
           this is operation          15   in struct file
 Symmetry operation           2
       -1.00000        0.00000        0.00000
        0.00000        1.00000        0.00000
        0.00000        0.00000        1.00000
        0.00000        0.00000        0.00000
   -1.0000    0.0000    0.0000    0.0000
   -1.0000    1.0000    0.0000    0.0000
    0.0000    0.0000    1.0000    0.0000
           this is operation          24   in struct file
 Symmetry operation           3
       -0.50000       -0.86603        0.00000
        0.86603       -0.50000        0.00000
        0.00000        0.00000       -1.00000
        0.00000        0.00000        0.00000
   -1.0000    1.0000    0.0000    0.0000
   -1.0000    0.0000    0.0000    0.0000
    0.0000    0.0000   -1.0000    0.0000
           this is operation          12   in struct file
 Symmetry operation           4
       -0.50000       -0.86603        0.00000
        0.86603       -0.50000        0.00000
        0.00000        0.00000        1.00000
        0.00000        0.00000        0.00000
   -1.0000    1.0000    0.0000    0.0000
   -1.0000    0.0000    0.0000    0.0000
    0.0000    0.0000    1.0000    0.0000
           this is operation           3   in struct file
 Symmetry operation           5
       -1.00000        0.00000        0.00000
        0.00000       -1.00000        0.00000
        0.00000        0.00000       -1.00000
        0.00000        0.00000        0.00000
   -1.0000    0.0000    0.0000    0.0000
   -0.0000   -1.0000    0.0000    0.0000
    0.0000    0.0000   -1.0000    0.0000
           this is operation           7   in struct file
 Symmetry operation           6
       -1.00000        0.00000        0.00000
        0.00000       -1.00000        0.00000
        0.00000        0.00000        1.00000
        0.00000        0.00000        0.00000
   -1.0000    0.0000    0.0000    0.0000
   -0.0000   -1.0000    0.0000    0.0000
    0.0000    0.0000    1.0000    0.0000
           this is operation           4   in struct file
 Symmetry operation           7
       -0.50000        0.86603        0.00000
        0.86603        0.50000        0.00000
        0.00000        0.00000       -1.00000
        0.00000        0.00000        0.00000
   -1.0000    1.0000    0.0000    0.0000
    0.0000    1.0000    0.0000    0.0000
    0.0000    0.0000   -1.0000    0.0000
           this is operation          17   in struct file
 Symmetry operation           8
       -0.50000        0.86603        0.00000
        0.86603        0.50000        0.00000
        0.00000        0.00000        1.00000
        0.00000        0.00000        0.00000
   -1.0000    1.0000    0.0000    0.0000
    0.0000    1.0000    0.0000    0.0000
    0.0000    0.0000    1.0000    0.0000
           this is operation          20   in struct file
 Symmetry operation           9
       -0.50000       -0.86603        0.00000
       -0.86603        0.50000        0.00000
        0.00000        0.00000       -1.00000
        0.00000       -0.00000        0.00000
    0.0000   -1.0000    0.0000    0.0000
   -1.0000   -0.0000    0.0000   -0.0000
    0.0000    0.0000   -1.0000    0.0000
           this is operation          16   in struct file
 Symmetry operation          10
       -0.50000       -0.86603        0.00000
       -0.86603        0.50000        0.00000
        0.00000        0.00000        1.00000
        0.00000       -0.00000        0.00000
    0.0000   -1.0000    0.0000    0.0000
   -1.0000   -0.0000    0.0000   -0.0000
    0.0000    0.0000    1.0000    0.0000
           this is operation          19   in struct file
 Symmetry operation          11
        0.50000       -0.86603        0.00000
        0.86603        0.50000        0.00000
        0.00000        0.00000       -1.00000
        0.00000       -0.00000        0.00000
   -0.0000    1.0000    0.0000    0.0000
   -1.0000    1.0000    0.0000   -0.0000
    0.0000    0.0000   -1.0000    0.0000
           this is operation           8   in struct file
 Symmetry operation          12
        0.50000       -0.86603        0.00000
        0.86603        0.50000        0.00000
        0.00000        0.00000        1.00000
        0.00000       -0.00000        0.00000
   -0.0000    1.0000    0.0000    0.0000
   -1.0000    1.0000    0.0000   -0.0000
    0.0000    0.0000    1.0000    0.0000
           this is operation           5   in struct file
 Symmetry operation          13
       -0.50000        0.86603        0.00000
       -0.86603       -0.50000        0.00000
        0.00000        0.00000       -1.00000
        0.00000        0.00000        0.00000
    0.0000   -1.0000    0.0000    0.0000
    1.0000   -1.0000    0.0000    0.0000
    0.0000    0.0000   -1.0000    0.0000
           this is operation          11   in struct file
 Symmetry operation          14
       -0.50000        0.86603        0.00000
       -0.86603       -0.50000        0.00000
        0.00000        0.00000        1.00000
        0.00000        0.00000        0.00000
    0.0000   -1.0000    0.0000    0.0000
    1.0000   -1.0000    0.0000    0.0000
    0.0000    0.0000    1.0000    0.0000
           this is operation           2   in struct file
 Symmetry operation          15
        0.50000        0.86603        0.00000
        0.86603       -0.50000        0.00000
        0.00000        0.00000       -1.00000
        0.00000        0.00000        0.00000
   -0.0000    1.0000    0.0000    0.0000
    1.0000    0.0000    0.0000    0.0000
    0.0000    0.0000   -1.0000    0.0000
           this is operation          13   in struct file
 Symmetry operation          16
        0.50000        0.86603        0.00000
        0.86603       -0.50000        0.00000
        0.00000        0.00000        1.00000
        0.00000        0.00000        0.00000
   -0.0000    1.0000    0.0000    0.0000
    1.0000    0.0000    0.0000    0.0000
    0.0000    0.0000    1.0000    0.0000
           this is operation          22   in struct file
 Symmetry operation          17
        0.50000       -0.86603        0.00000
       -0.86603       -0.50000        0.00000
        0.00000        0.00000       -1.00000
        0.00000        0.00000        0.00000
    1.0000   -1.0000    0.0000    0.0000
    0.0000   -1.0000    0.0000    0.0000
    0.0000    0.0000   -1.0000    0.0000
           this is operation          14   in struct file
 Symmetry operation          18
        0.50000       -0.86603        0.00000
       -0.86603       -0.50000        0.00000
        0.00000        0.00000        1.00000
        0.00000        0.00000        0.00000
    1.0000   -1.0000    0.0000    0.0000
    0.0000   -1.0000    0.0000    0.0000
    0.0000    0.0000    1.0000    0.0000
           this is operation          23   in struct file
 Symmetry operation          19
        1.00000        0.00000        0.00000
        0.00000        1.00000        0.00000
        0.00000        0.00000       -1.00000
        0.00000        0.00000        0.00000
    1.0000    0.0000    0.0000    0.0000
    0.0000    1.0000    0.0000    0.0000
    0.0000    0.0000   -1.0000    0.0000
           this is operation          10   in struct file
 Symmetry operation          20
        1.00000        0.00000        0.00000
        0.00000        1.00000        0.00000
        0.00000        0.00000        1.00000
        0.00000        0.00000        0.00000
    1.0000    0.0000    0.0000    0.0000
    0.0000    1.0000    0.0000    0.0000
    0.0000    0.0000    1.0000    0.0000
           this is operation           1   in struct file
 Symmetry operation          21
        0.50000        0.86603        0.00000
       -0.86603        0.50000        0.00000
        0.00000        0.00000       -1.00000
        0.00000       -0.00000        0.00000
    1.0000   -1.0000    0.0000    0.0000
    1.0000   -0.0000    0.0000   -0.0000
    0.0000    0.0000   -1.0000    0.0000
           this is operation           9   in struct file
 Symmetry operation          22
        0.50000        0.86603        0.00000
       -0.86603        0.50000        0.00000
        0.00000        0.00000        1.00000
        0.00000       -0.00000        0.00000
    1.0000   -1.0000    0.0000    0.0000
    1.0000   -0.0000    0.0000   -0.0000
    0.0000    0.0000    1.0000    0.0000
           this is operation           6   in struct file
 Symmetry operation          23
        1.00000        0.00000        0.00000
        0.00000       -1.00000        0.00000
        0.00000        0.00000       -1.00000
        0.00000        0.00000        0.00000
    1.0000    0.0000    0.0000    0.0000
    1.0000   -1.0000    0.0000    0.0000
    0.0000    0.0000   -1.0000    0.0000
           this is operation          18   in struct file
 Symmetry operation          24
        1.00000        0.00000        0.00000
        0.00000       -1.00000        0.00000
        0.00000        0.00000        1.00000
        0.00000        0.00000        0.00000
    1.0000    0.0000    0.0000    0.0000
    1.0000   -1.0000    0.0000    0.0000
    0.0000    0.0000    1.0000    0.0000
           this is operation          21   in struct file
  LATSYM done
blebleble                                s-o calc. M||  0.00  0.00  1.00       
    1      4.7271500      0.0000000      0.0000000
    2     14.1814500      0.0000000      0.0000000
    3      4.7271500      9.4543000      0.0000000
    4      4.7271500      0.0000000     15.3256790
    5      0.0000000      4.7271500      0.0000000
    6      9.4543000      4.7271500      0.0000000
    7      0.0000000     14.1814500      0.0000000
    8      0.0000000      4.7271500     15.3256790
    9      4.7271500      4.7271500      0.0000000
   10     14.1814500      4.7271500      0.0000000
   11      4.7271500     14.1814500      0.0000000
   12      4.7271500      4.7271500     15.3256790
Fe1       :  12 Atome, Index    1 bis   12
   13      0.0000000      0.0000000      0.0000000
   14      9.4543000      0.0000000      0.0000000
   15      0.0000000      9.4543000      0.0000000
   16      0.0000000      0.0000000     15.3256790
Ge1       :   4 Atome, Index   13 bis   16
   17      3.1514333      6.3028667      3.8314197
   18     12.6057333      6.3028667      3.8314197
   19      3.1514333     15.7571667      3.8314197
   20      3.1514333      6.3028667     19.1570987
   21      6.3028667      3.1514333      3.8314197
   22     15.7571667      3.1514333      3.8314197
   23      6.3028667     12.6057333      3.8314197
   24      6.3028667      3.1514333     19.1570987
   25      6.3028667      3.1514333     11.4942592
   26     15.7571667      3.1514333     11.4942592
   27      6.3028667     12.6057333     11.4942592
   28      6.3028667      3.1514333     26.8199382
   29      3.1514333      6.3028667     11.4942592
